42608
26904
27920
26817
27135
26499
26943
27381
26779
27590
26601
26524
27188
26642
26620
27088
26860
26413
26597
26566
26755
26510
26488
26968
26662
28442
26637
26879
26837
26627
27374
26648
26519
26644
27007
26797
26672
27412
26474
26626
26816
26779
26604
26523
26965
26492
26786
26792
26570
26859
26853
28419
26842
27069
26645
26947
26881
26566
27054
27277
26568
26767
27391
26667
26975
27496
26662
27166
27541
26715
27066
27429
26926
27402
26665
26689
27548
28001
26890
27621
26715
26778
26519
26797
26712
26628
27113
26698
26621
26839
26808
26842
26595
27081
26716
26603
26706
26820
26937
26853
